0.66667
0.66667
0.66667
0.66134
0.66667
0.66667
0.66667
0.66667
0.66667
0.66667
0.66667
0.66667
0.66667
0.66667
0.66667
0.66667
0.66423
0.66667
0.66667
0.66667
0.66674
0.66667
0.66667
0.66667
0.66207
0.66667
0.65963
0.65214
0.66667
0.66667
0.66134
0.66667
0.66667
0.66667
0.66667
0.66667
0.66667
0.66667
0.66667
0.66667
0.66207
0.66667
0.66279
0.66667
0.66279
0.66667
0.66667
0.66279
0.66667
0.66667
0.6572
0.66423
0.65503
0.65119
0.65891
0.65714
0.66351
0.66351
0.66667
0.65866
0.66341
0.66667
0.66351
0.65746
0.65782
0.64125
0.66042
0.6496
0.66035
0.64991
0.66351
0.6504
0.66667
0.65366
0.63696
0.63584
0.60888
0.62283
0.60389
0.60702
0.58697
0.58391
0.59476
0.57053
0.5781
0.55056
0.56301
0.51517
0.55369
0.50464
0.50724
0.42427
0.3764
0.34523
0.31777
0.28894
0.27283
0.256
0.24592
0.23679
