5.4545
5.4545
5.4545
5.4545
5.4545
5.4545
5.4545
5.4545
5.4545
5.4545
5.4545
5.4545
5.4545
5.4545
5.4545
5.4545
5.4545
5.4545
5.0806
5.4545
5.4545
4.7184
5.4545
5.4545
4.938
5.4545
5.4545
5.4545
4.9657
5.4545
5.4545
5.4545
5.4545
5.4545
5.4545
4.602
5.4545
5.4545
4.6772
5.1341
5.4545
5.4545
5.4545
4.3323
4.7182
5.4545
5.4545
5.4545
5.4545
4.7024
5.4545
4.7184
4.0428
4.7238
5.3867
4.2501
4.7667
3.9695
5.0164
4.8257
4.7485
4.0695
3.998
4.4962
4.1269
4.0796
4.3693
4.1127
4.1077
3.6453
4.1028
3.7974
3.8651
3.6693
3.5663
3.4046
3.2309
3.118
3.2206
3.1784
3.0515
2.9194
2.8885
3.0065
3.0323
2.9715
2.8683
2.8941
2.8277
2.8646
2.818
2.6115
2.5253
2.4794
2.4863
2.4606
2.4473
2.4471
2.4616
2.4487
